%YAML:1.0

#--------------------------------------------------------------------------------------------
# Camera Parameters. Adjust them!
#--------------------------------------------------------------------------------------------
Camera.type: "PinHole"

# Camera calibration and distortion parameters (OpenCV) (equal for both cameras after stereo rectification)
Camera.fx: 392.008850097656
Camera.fy: 392.008850097656
Camera.cx: 321.213836669922
Camera.cy: 238.390502929688

Camera.k1: 0.0
Camera.k2: 0.0
Camera.p1: 0.0
Camera.p2: 0.0

Camera.bFishEye: 0

Camera.width: 640
Camera.height: 480

# Camera frames per second 
Camera.fps: 30.0

# stereo baseline times fx
Camera.bf: 49.974

# Color order of the images (0: BGR, 1: RGB. It is ignored if images are grayscale)
Camera.RGB: 1

# Close/Far threshold. Baseline times.
ThDepth: 35.0 # 35

# Transformation from camera 0 to body-frame (imu)
Tbc: !!opencv-matrix
   rows: 4
   cols: 4
   dt: f
   #MATRICE ROTATION : 180deg sur l'axe X
   data: [1.0, 0.0, 0.0, -0.015890727,
         0.0, -1.0, 0.0, 0.028273059,
         0.0, 0.0, -1.0, -0.009375589,
         0.0, 0.0, 0.0, 1.0]
         
   # data: [0.999968402, -0.006753626, -0.004188075, -0.015890727,
   #      -0.006685408, -0.999848172, 0.016093893, 0.028273059,
   #      -0.004296131, -0.016065384, -0.999861654, -0.009375589,
   #      0.0, 0.0, 0.0, 1.0]
   #data: [0.99996844557311107367,    -0.0066854089239102572986, -0.0042961314561787004811, 0.01603896377533840482,
   #       -0.0067536248703228746448, -0.99984809688221423239,   -0.01606538618191393505,   0.028010821767145943551,
   #       -0.0041880752645753210024, 0.016093891536126118816,   -0.99986177353527180509,   -0.0098958681511030990335,
   #       0.0,                       0.0,                       0.0,                       1.0]

# IMU noise
IMU.NoiseGyro: 0.000005148030141 # 1.6968e-04 
IMU.NoiseAcc: 0.000066952452471 # 2.0000e-3
IMU.GyroWalk: 0.000000499999999 
IMU.AccWalk: 0.000099999997474  # 3.0000e-3
IMU.Frequency: 200

#--------------------------------------------------------------------------------------------
# Stereo Rectification. Only if you need to pre-rectify the images.
# Camera.fx, .fy, etc must be the same as in LEFT.P
#--------------------------------------------------------------------------------------------
LEFT.height: 480
LEFT.width: 640
LEFT.D: !!opencv-matrix
   rows: 1
   cols: 5
   dt: d
   data:[0.0, 0.0, 0.0, 0.0, 0.0]
LEFT.K: !!opencv-matrix
   rows: 3
   cols: 3
   dt: d
   data:[392.008, 0.0, 321.213, 0.0, 392.008, 238.390, 0.0, 0.0, 1.0]
LEFT.R:  !!opencv-matrix
   rows: 3
   cols: 3
   dt: d
   data:[0.999966347530033, -0.001422739138722922, 0.008079580483432283, 0.001365741834644127, 0.9999741760894847, 0.007055629199258132, -0.008089410156878961, -0.007044357138835809, 0.9999424675829176]
LEFT.Rf:  !!opencv-matrix
   rows: 3
   cols: 3
   dt: f
   data:[0.999966347530033, -0.001422739138722922, 0.008079580483432283, 0.001365741834644127, 0.9999741760894847, 0.007055629199258132, -0.008089410156878961, -0.007044357138835809, 0.9999424675829176]
LEFT.P:  !!opencv-matrix
   rows: 3
   cols: 4
   dt: d
   data:[392.008850097656, 0, 321.213836669922, 0,  0, 392.008850097656, 238.390502929688, 0,  0, 0, 1, 0]

RIGHT.height: 480
RIGHT.width: 640
RIGHT.D: !!opencv-matrix
   rows: 1
   cols: 5
   dt: d
   data:[0.0, 0.0, 0.0, 0.0, 0.0]
RIGHT.K: !!opencv-matrix
   rows: 3
   cols: 3
   dt: d
   data:[392.008, 0.0, 321.213, 0.0, 392.008, 238.390, 0.0, 0.0, 1]
RIGHT.R:  !!opencv-matrix
   rows: 3
   cols: 3
   dt: d
   data:[0.9999633526194376, -0.003625811871560086, 0.007755443660172947, 0.003680398547259526, 0.9999684752771629, -0.007035845251224894, -0.007729688520722713, 0.007064130529506649, 0.999945173484644]
RIGHT.P:  !!opencv-matrix
   rows: 3
   cols: 4
   dt: d
   data:[392.008850097656, 0, 321.213836669922, -49.974,  0, 392.008850097656, 238.390502929688, 0,  0, 0, 1, 0]

#--------------------------------------------------------------------------------------------
# ORB Parameters
#--------------------------------------------------------------------------------------------

# ORB Extractor: Number of features per image
ORBextractor.nFeatures: 700

# ORB Extractor: Scale factor between levels in the scale pyramid 	
ORBextractor.scaleFactor: 1.2 

# ORB Extractor: Number of levels in the scale pyramid	
ORBextractor.nLevels: 8

# ORB Extractor: Fast threshold
# Image is divided in a grid. At each cell FAST are extracted imposing a minimum response.
# Firstly we impose iniThFAST. If no corners are detected we impose a lower value minThFAST
# You can lower these values if your images have low contrast			
ORBextractor.iniThFAST: 20
ORBextractor.minThFAST: 7

#--------------------------------------------------------------------------------------------
# Viewer Parameters
#--------------------------------------------------------------------------------------------
Viewer.KeyFrameSize: 0.05
Viewer.KeyFrameLineWidth: 1
Viewer.GraphLineWidth: 0.9
Viewer.PointSize: 2
Viewer.CameraSize: 0.08
Viewer.CameraLineWidth: 3
Viewer.ViewpointX: 0
Viewer.ViewpointY: -0.7
Viewer.ViewpointZ: -1.8
Viewer.ViewpointF: 500

